x0.val = 44.38971
x10.val = 47
x5.val = 66.8689
x26.val = 77
x21.val = 96.8689
x14.val = 175
x30.val = 191.12324
x15.val = 195
x31.val = 225
x7.val = 376.04635
x16.val = 381
x23.val = 400.508
x32.val = 411
x33.val = 480

x0.val = 19.04297
x12.val = 29
x6.val = 44.22841
x28.val = 51.4984
x22.val = 64
x4.val = 115.5525
x11.val = 130
x27.val = 143.62075
x20.val = 145.5525
x3.val = 183.6957
x19.val = 194
x13.val = 213
x29.val = 243
x9.val = 291
x8.val = 303.7986
x25.val = 307.14516
x24.val = 311.46217
x2.val = 318.9233
x18.val = 337
x1.val = 402.7289
x17.val = 417
x33.val = 480
Model has been successfully processed
