x0.val = 0
x10.val = 32.1311
x5.val = 52
x26.val = 62.1311
x21.val = 82
x14.val = 160
x30.val = 162.19978
x15.val = 180
x31.val = 196.9588
x7.val = 370
x16.val = 380.492
x23.val = 400
x32.val = 410.492
x33.val = 420.5084

x0.val = 0
x12.val = 14
x6.val = 19
x28.val = 26.26999
x22.val = 49
x4.val = 108
x11.val = 122.4475
x27.val = 127.47349
x20.val = 138
x3.val = 151.5213
x19.val = 179
x13.val = 198
x29.val = 206.14261
x9.val = 276
x8.val = 281.52823
x25.val = 284.87479
x24.val = 298
x2.val = 305.46113
x18.val = 323.53783
x1.val = 372
x17.val = 402
x33.val = 411.48801

